      20       31485049745.101570
      40        1594790387.186149
      60         955867160.276472
      80         852387056.392288
     100         774558789.267470
     120         709159110.700505
     140         675529198.904650
     160         652925822.830822
     180         622521464.925055
     200         599144763.880549
     220         564939335.254155
     240         550455403.474357
     260         539288785.777134
     280         527711462.174989
     300         513310375.360420
     320         499107878.075697
     340         484735943.954724
     360         480091051.559930
     380         470274220.705303
     400         463727214.832425
     420         458715645.401707
     440         455703996.616694
     460         450233613.232517
     480         446707449.406105
     500         443328230.385192
     520         438842364.179360
     540         434740717.997085
     560         430228188.312285
     580         420836101.868976
     600         416827806.898506
     620         413206351.521445
     640         412331664.409783
     660         408760743.485340
     680         401024107.842394
     700         391230246.544641
     720         389194712.692158
     740         389037579.232501
     760         385961811.853102
     780         384687896.933934
     800         384319031.923941
     820         381912652.059257
     840         380518103.116713
     860         379477670.351079
     880         376777903.262865
     900         375786383.487972
     920         375772186.675265
     940         374876174.720491
     960         372115926.310846
     980         368142247.128872
    1000         367149163.314843
    1020         365450445.468830
    1040         362487063.677501
    1060         360143755.205411
    1080         359344650.800691
    1100         359134296.704347
    1120         358358642.648731
    1140         356946649.883601
    1160         354511311.970089
    1180         354462016.478954
    1200         351954506.818842
    1220         349907799.295844
    1240         346199228.345146
    1260         343939691.561557
    1280         335831797.920715
    1300         332404071.052031
    1320         331109653.567800
    1340         327358926.055946
    1360         326340239.474960
    1380         314828216.899738
    1400         308916181.997508
    1420         298134866.269099
    1440         287506957.918466
    1460         282564195.671357
    1480         270440416.997546
    1500         260693260.742259
    1520         222032951.566064
    1540          81037743.026893
    1560          46757648.037025
    1580          38081822.373655
    1600          34030333.546099
    1620          30743039.461835
    1640          29323090.051140
    1660          28337519.083869
    1680          27371630.434414
    1700          25137853.124159
    1720          24497671.980376
    1740          21926691.004271
    1760          18506674.303586
    1780          15866369.757119
    1800          13597197.596257
    1820          11094942.397872
    1840           7760406.969318
    1860           4254612.872638
    1880           1830128.678958
    1900            743903.265869
    1920            579541.211639
    1940            517850.374709
    1960            475638.303831
    1980            467043.793041
    2000            456197.026841
    2020            448592.127583
    2040            444948.002159
    2060            440128.017776
    2080            432023.835457
    2100            424735.921320
    2120            416618.730175
    2140            411460.060837
    2160            405649.497159
    2180            402833.314438
    2200            400118.482085
    2220            397763.166443
    2240            394482.847450
    2260            388973.567051
    2280            386288.728078
    2300            380757.403284
    2320            373388.729783
    2340            371353.964996
    2360            368594.272807
    2380            365520.771018
    2400            363422.151360
    2420            355798.603515
    2440            348850.049484
    2460            338866.578909
    2480            318461.318153
    2500            303837.484702
    2520            292930.335748
    2540            257517.111222
    2560            191694.452269
    2580            166806.224618
    2600            152637.431457
    2620            132305.699132
    2640            122818.834163
    2660            109253.223561
    2680             99946.372117
    2700             89342.816517
    2720             77875.918907
    2740             69902.935674
    2760             61190.052929
    2780             54052.996013
    2800             49008.199283
    2820             45679.084665
    2840             37434.010149
    2860             34035.001947
    2880             30640.159282
    2900             26697.799135
    2920             18996.562843
    2940             12964.236635
    2960              7924.427189
    2980              4162.035381
    3000             -1963.633023
    3020             -5548.418901
    3040            -10660.608781
    3060            -14700.705014
    3080            -17240.779286
    3100            -22513.240316
    3120            -41488.813522
    3140            -56390.379202
    3160            -64502.669146
    3180            -74571.270639
    3200            -78995.829057
    3220            -82654.890807
    3240            -85881.132735
    3260            -87878.042484
    3280            -90697.000647
    3300            -92452.821052
    3320            -94469.899577
    3340            -96135.849635
    3360            -97026.748114
    3380            -97669.738647
    3400            -98658.539170
    3420           -100507.885578
    3440           -102974.764437
    3460           -107041.297552
    3480           -108506.413444
    3500           -109330.438501
    3520           -109945.785590
    3540           -110534.973976
    3560           -111300.144135
    3580           -112183.887596
    3600           -112676.532083
    3620           -113648.907098
    3640           -114064.977478
    3660           -114499.215288
    3680           -114802.856301
    3700           -115180.521728
    3720           -115648.189451
    3740           -115849.897117
    3760           -116252.130430
    3780           -116706.128176
    3800           -116997.691936
    3820           -117561.290904
    3840           -118246.922133
    3860           -119101.732913
    3880           -120681.215883
    3900           -122148.236782
    3920           -123298.552609
    3940           -125409.436387
    3960           -128362.749223
    3980           -130528.895199
    4000           -132477.055105
    4020           -134023.187942
    4040           -135530.693747
    4060           -136765.145081
    4080           -137959.345408
    4100           -138886.374867
    4120           -139911.700836
    4140           -140842.404755
    4160           -142200.510205
    4180           -143585.603954
    4200           -144963.470287
    4220           -145812.425099
    4240           -146581.550888
    4260           -147032.134525
    4280           -147969.267333
    4300           -148598.089906
    4320           -149169.755315
    4340           -149889.368519
    4360           -150702.423356
    4380           -151279.353597
    4400           -151989.445717
    4420           -152409.291937
    4440           -152767.569446
    4460           -153033.939752
    4480           -153475.158773
    4500           -153792.401507
    4520           -154106.584169
    4540           -154393.278362
    4560           -154569.888988
    4580           -154726.021059
    4600           -154835.172370
    4620           -154917.186673
    4640           -154978.263479
    4660           -155045.314029
    4680           -155093.662221
    4700           -155153.841927
    4720           -155202.279849
    4740           -155242.609298
    4760           -155295.923674
    4780           -155325.813134
    4800           -155367.427415
    4820           -155409.557015
    4840           -155435.153112
    4860           -155449.090536
    4880           -155485.069684
    4900           -155509.764924
    4920           -155552.677159
    4940           -155593.181732
    4960           -155615.952880
    4980           -155648.304241
    5000           -155683.039139
    5020           -155737.081911
    5040           -155806.705644
    5060           -155842.184378
    5080           -155885.274220
    5100           -155930.812909
    5120           -155982.824323
    5140           -156023.458435
    5160           -156050.097689
    5180           -156042.004926
    5200           -156073.599027
    5220           -156094.743366
    5240           -156110.619550
    5260           -156155.842678
    5280           -156172.614860
    5300           -156207.882175
    5320           -156270.829779
    5340           -156282.436136
    5360           -156328.704865
    5380           -156364.513041
    5400           -156412.840359
    5420           -156446.876527
    5440           -156463.649990
    5460           -156467.012895
    5480           -156487.765161
    5500           -156490.248731
    5520           -156512.883705
    5540           -156512.974344
    5560           -156537.041162
    5580           -156558.922901
    5600           -156556.385190
    5620           -156573.754985
    5640           -156563.883618
    5660           -156595.106407
    5680           -156597.619847
    5700           -156605.461555
    5720           -156626.239099
    5740           -156615.999099
    5760           -156637.394965
    5780           -156641.255769
    5800           -156667.008672
    5820           -156684.623714
    5840           -156699.134487
    5860           -156689.449965
    5880           -156690.759147
    5900           -156719.227473
    5920           -156736.565579
    5940           -156723.765608
    5960           -156738.340406
    5980           -156727.168157
    6000           -156741.048274
    6020           -156759.798433
    6040           -156768.572487
    6060           -156790.144205
    6080           -156791.003879
    6100           -156786.910302
    6120           -156789.772284
    6140           -156804.380711
    6160           -156806.005913
    6180           -156816.595525
    6200           -156815.625488
    6220           -156828.266390
    6240           -156847.426806
    6260           -156859.845714
    6280           -156886.260486
    6300           -156884.546070
    6320           -156913.333092
    6340           -156919.271527
    6360           -156929.305723
    6380           -156947.299048
    6400           -156950.448994
    6420           -156969.375936
    6440           -156994.496293
    6460           -156990.844538
    6480           -157003.557863
    6500           -157018.876558
    6520           -157033.663513
    6540           -157042.477397
    6560           -157043.908014
    6580           -157052.454860
    6600           -157073.572086
    6620           -157084.423890
    6640           -157101.601852
    6660           -157122.354770
    6680           -157120.506381
    6700           -157129.188066
    6720           -157135.757134
    6740           -157122.275718
    6760           -157115.596233
    6780           -157142.037251
    6800           -157171.300519
    6820           -157174.995142
    6840           -157184.413475
    6860           -157183.424408
    6880           -157208.089466
    6900           -157230.152292
    6920           -157218.788742
    6940           -157221.932409
    6960           -157236.546439
    6980           -157249.395852
    7000           -157259.797637
    7020           -157271.816945
    7040           -157282.705901
    7060           -157288.256225
    7080           -157287.213381
    7100           -157293.264129
    7120           -157298.238126
    7140           -157296.427215
    7160           -157322.651486
    7180           -157344.080345
    7200           -157354.691862
    7220           -157363.943682
    7240           -157364.150834
    7260           -157390.736364
    7280           -157393.426401
    7300           -157415.827041
    7320           -157416.831413
    7340           -157428.761684
    7360           -157452.291819
    7380           -157471.094259
    7400           -157473.080759
    7420           -157479.985505
    7440           -157496.446582
    7460           -157503.913795
    7480           -157503.942312
    7500           -157516.014513
    7520           -157522.243756
    7540           -157511.233111
    7560           -157528.745566
    7580           -157539.609451
    7600           -157559.491581
    7620           -157567.245042
    7640           -157594.624419
    7660           -157604.592081
    7680           -157613.857981
    7700           -157624.224337
    7720           -157633.234243
    7740           -157632.037285
    7760           -157635.659761
    7780           -157658.862033
    7800           -157680.005030
    7820           -157675.744510
    7840           -157693.646245
    7860           -157696.257746
    7880           -157697.056421
    7900           -157702.187742
    7920           -157693.621314
    7940           -157703.628919
    7960           -157717.175710
    7980           -157727.868753
    8000           -157710.675774
    8020           -157731.220230
    8040           -157712.664973
    8060           -157733.484178
    8080           -157734.088135
    8100           -157734.304530
    8120           -157736.706635
    8140           -157764.503835
    8160           -157769.777824
    8180           -157781.207006
    8200           -157798.491017
    8220           -157791.597937
    8240           -157818.794100
    8260           -157802.407583
    8280           -157814.919984
    8300           -157823.040460
    8320           -157832.176983
    8340           -157812.446706
    8360           -157830.676267
    8380           -157840.398955
    8400           -157841.442006
    8420           -157851.379458
    8440           -157855.621559
    8460           -157857.400170
    8480           -157860.903956
    8500           -157874.109191
    8520           -157882.748719
    8540           -157880.729584
    8560           -157861.008318
    8580           -157862.404198
    8600           -157864.080473
    8620           -157880.749030
    8640           -157874.277587
    8660           -157873.734624
    8680           -157880.228953
    8700           -157886.112044
    8720           -157882.262493
    8740           -157899.608312
    8760           -157905.269740
    8780           -157906.293733
    8800           -157922.138216
    8820           -157921.901661
    8840           -157916.613214
    8860           -157926.584195
    8880           -157943.678312
    8900           -157941.090762
    8920           -157946.711310
    8940           -157952.712948
    8960           -157954.160987
    8980           -157958.781160
    9000           -157950.696038
    9020           -157970.507965
    9040           -157962.855299
    9060           -157983.965771
    9080           -157983.874700
    9100           -157986.826938
    9120           -157987.394426
    9140           -157983.363398
    9160           -157998.430516
    9180           -157980.928187
    9200           -158000.785644
    9220           -158011.811505
    9240           -158006.756121
    9260           -158018.585817
    9280           -158008.682255
    9300           -158000.629789
    9320           -158024.540096
    9340           -158013.795404
    9360           -158012.821208
    9380           -158013.606696
    9400           -158018.528424
    9420           -158013.944780
    9440           -158033.095714
    9460           -158012.177105
    9480           -158017.165917
    9500           -158025.681610
    9520           -158038.991589
    9540           -158044.916033
    9560           -158035.902815
    9580           -158028.900051
    9600           -158017.810249
    9620           -158031.268669
    9640           -158046.995448
    9660           -158069.588820
    9680           -158056.768097
    9700           -158067.051627
    9720           -158071.043398
    9740           -158086.858002
    9760           -158087.108908
    9780           -158098.206576
    9800           -158091.646578
    9820           -158109.458339
    9840           -158102.487884
    9860           -158087.098375
    9880           -158095.883441
    9900           -158103.548652
    9920           -158105.273000
    9940           -158107.068331
    9960           -158114.954539
    9980           -158104.821464
   10000           -158102.599874
